score[1]=4
score[2]=6
score[3]=8
score[4]=10
score[5]=10
score[6]=9
score[7]=8
score[8]=10
score[9]=10
time=740.84490747
time[1]=1.96138592457
time[2]=1.82681077218
time[3]=2.0306965556
time[4]=1.45739887309
time[5]=1.51635062976
time[6]=1.56369067544
time[7]=1.32357056173
time[8]=1.19199590869
time[9]=1.44736920055
