score[1]=3
score[2]=9
score[3]=8
score[4]=9
score[5]=9
score[6]=10
score[7]=8
score[8]=10
score[9]=9
time=733.85195642
time[1]=1.38855114925
time[2]=1.63092021489
time[3]=1.6028909296
time[4]=1.46622786598
time[5]=1.38995147989
time[6]=1.60109999754
time[7]=1.44251210322
time[8]=1.2901186722
time[9]=1.22522177392
