score[1]=1
score[2]=5
score[3]=8
score[4]=9
score[5]=9
score[6]=10
score[7]=10
score[8]=10
score[9]=7
time=762.301093543
time[1]=2.88556243253
time[2]=2.26719054544
time[3]=1.67616245363
time[4]=1.49817756604
time[5]=1.75638745553
time[6]=1.42240605326
time[7]=1.32381851973
time[8]=1.21446340481
time[9]=1.5389019689
