score[1]=2
score[2]=10
score[3]=8
score[4]=10
score[5]=8
score[6]=10
score[7]=10
score[8]=10
score[9]=9
time=738.532033163
time[1]=2.62081796833
time[2]=2.0644835159
time[3]=1.4676732613
time[4]=1.72419781101
time[5]=1.51811414985
time[6]=1.41318538644
time[7]=1.64072693202
time[8]=1.38930247959
time[9]=1.3427929653
