score[1]=6
score[2]=7
score[3]=9
score[4]=7
score[5]=9
score[6]=9
score[7]=9
score[8]=8
score[9]=10
time=747.275034063
time[1]=1.86795890343
time[2]=1.79558399462
time[3]=1.5757525931
time[4]=1.76104501453
time[5]=1.42390225926
time[6]=1.63407098232
time[7]=1.71218137895
time[8]=1.44628311426
time[9]=1.24874477412
