score[1]=6
score[2]=8
score[3]=7
score[4]=9
score[5]=9
score[6]=10
score[7]=10
score[8]=9
score[9]=9
time=733.918826258
time[1]=2.02869533039
time[2]=1.86441127222
time[3]=1.66947366291
time[4]=1.3937992138
time[5]=1.47949624573
time[6]=1.55474064343
time[7]=1.45011063809
time[8]=1.3589723526
time[9]=1.33401392594
