score[1]=8
score[2]=5
score[3]=6
score[4]=10
score[5]=8
score[6]=9
score[7]=10
score[8]=9
score[9]=9
time=738.278140364
time[1]=1.8821361548
time[2]=1.94106509798
time[3]=1.27129655267
time[4]=1.55898167641
time[5]=1.30058315332
time[6]=1.60350558058
time[7]=1.1548028436
time[8]=1.33390611639
time[9]=1.3231922911
