score[1]=3
score[2]=6
score[3]=7
score[4]=9
score[5]=9
score[6]=9
score[7]=9
score[8]=9
score[9]=9
time=758.179040226
time[1]=1.87449375475
time[2]=1.85569511653
time[3]=1.25526947058
time[4]=1.65319526496
time[5]=1.79023896063
time[6]=1.68384413294
time[7]=1.334890103
time[8]=1.5300919061
time[9]=1.18935096221
