score[1]=4
score[2]=6
score[3]=6
score[4]=9
score[5]=9
score[6]=10
score[7]=9
score[8]=10
score[9]=10
time=745.145565438
time[1]=2.37130494014
time[2]=1.77185618801
time[3]=1.85994485829
time[4]=1.84226451941
time[5]=1.33746727119
time[6]=1.48433641229
time[7]=1.2971733391
time[8]=1.18462262876
time[9]=1.18878028217
