score[1]=4
score[2]=5
score[3]=8
score[4]=9
score[5]=9
score[6]=10
score[7]=7
score[8]=10
score[9]=10
time=762.800376494
time[1]=2.09021164742
time[2]=2.20653171422
time[3]=1.9203663499
time[4]=1.83967255547
time[5]=1.75581893126
time[6]=1.67203738395
time[7]=1.81230772019
time[8]=1.348213436
time[9]=1.27958549132
